0.5837115297619916
0.020065083835568463
0.01532242765625228
0.014045558684897923
0.011491820742189211
0.007296394122024896
0.007296394122024896
0.007113984268974273
0.006384344856771783
0.006384344856771783
0.006201935003721161
0.005837115297619916
0.005837115297619916
0.004925066032366804
0.004742656179316182
0.004560246326265559
0.003648197061012448
0.003648197061012448
0.0034657872079618254
0.003283377354911203
0.003283377354911203
0.003283377354911203
0.0031009675018605805
0.0031009675018605805
0.002918557648809958
0.002918557648809958
0.0027361477957593356
0.0027361477957593356
0.0025537379427087135
0.0025537379427087135
0.0025537379427087135
0.002371328089658091
0.002371328089658091
0.002371328089658091
0.002371328089658091
0.002371328089658091
0.002371328089658091
0.002371328089658091
0.002371328089658091
0.0021889182366074686
0.0021889182366074686
0.0021889182366074686
0.0021889182366074686
0.0021889182366074686
0.002006508383556846
0.002006508383556846
0.002006508383556846
0.002006508383556846
0.002006508383556846
0.002006508383556846
0.001824098530506224
0.001824098530506224
0.001824098530506224
0.001824098530506224
0.001824098530506224
0.001824098530506224
0.001824098530506224
0.001824098530506224
0.001824098530506224
0.001824098530506224
0.0018058575452011617
0.0018058575452011617
0.0018058575452011617
0.0017693755745910372
0.001751134589285975
0.001751134589285975
0.0017328936039809127
0.0016964116333707882
0.0016964116333707882
0.0016964116333707882
0.0016964116333707882
0.001678170648065726
0.0016599296627606637
0.0016416886774556015
0.0016416886774556015
0.0016416886774556015
0.001605206706845477
0.001605206706845477
0.001605206706845477
0.001605206706845477
0.0015869657215404147
0.0015687247362353525
0.0015504837509302902
0.0014775198097100413
0.0014775198097100413
0.0014775198097100413
0.0014775198097100413
0.0014775198097100413
0.0014775198097100413
0.0014775198097100413
0.001459278824404979
0.001459278824404979
0.001459278824404979
0.001459278824404979
0.0014410378390999168
0.00138631488318473
0.00138631488318473
0.00138631488318473
0.0013680738978796678
0.0013498329125746055
0.0013498329125746055
0.0013498329125746055
0.0013315919272695433
0.0013315919272695433
0.0013315919272695433
0.001313350941964481
0.001313350941964481
0.001313350941964481
0.001313350941964481
0.001313350941964481
0.001313350941964481
0.001295109956659419
0.001295109956659419
0.0012768689713543568
0.0012586279860492945
0.0012586279860492945
0.0012586279860492945
0.0012586279860492945
0.00122214601543917
0.00122214601543917
0.00122214601543917
0.0012039050301341078
0.0012039050301341078
0.0012039050301341078
0.0012039050301341078
0.0012039050301341078
0.0011856640448290455
0.0011674230595239833
0.0011674230595239833
0.0011674230595239833
0.0011674230595239833
0.0011309410889138588
0.0011309410889138588
0.0011309410889138588
0.0010944591183037343
0.001076218132998672
0.001076218132998672
0.001076218132998672
0.001076218132998672
0.0010579771476936098
0.0010397361623885476
0.0010397361623885476
0.0010214951770834853
0.0010214951770834853
0.0010214951770834853
0.001003254191778423
0.001003254191778423
0.0009850132064733608
0.0009850132064733608
0.0009667722211682986
0.0009485312358632363
0.0009485312358632363
0.0009485312358632363
0.0009302902505581741
0.0008938082799480497
0.0008938082799480497
0.0008573263093379252
0.0008573263093379252
0.0008573263093379252
0.0008573263093379252
0.000839085324032863
0.000839085324032863
0.000839085324032863
0.0008208443387278007
0.0008208443387278007
0.0008208443387278007
0.0008208443387278007
0.0008026033534227385
0.0008026033534227385
0.0007843623681176762
0.000766121382812614
0.000766121382812614
0.000766121382812614
0.0007478803975075518
0.0007296394122024895
0.0007296394122024895
0.0007296394122024895
0.0007113984268974273
0.0007113984268974273
0.0007113984268974273
0.0007113984268974273
0.000693157441592365
0.000693157441592365
0.0006749164562873028
0.0006566754709822405
0.0006566754709822405
0.0006566754709822405
0.0006566754709822405
0.0006566754709822405
0.0006566754709822405
0.0006566754709822405
0.0006566754709822405
0.0006566754709822405
0.0006566754709822405
0.0006384344856771784
0.0006384344856771784
0.0006384344856771784
0.0006201935003721161
0.0006201935003721161
0.0006019525150670539
0.0006019525150670539
0.0005837115297619916
0.0005654705444569294
0.0005472295591518672
0.0005472295591518672
0.0005289885738468049
0.0005289885738468049
0.0005107475885417427
0.0004925066032366804
0.0004925066032366804
0.0004925066032366804
0.0004925066032366804
0.0004742656179316182
0.0004742656179316182
0.0004742656179316182
0.0004742656179316182
0.000456024632626556
0.000456024632626556
0.0004195426620164315
0.000383060691406307
0.000383060691406307
0.000383060691406307
0.00036481970610124475
0.0003465787207961825
0.0003465787207961825
0.00032833773549112026
0.00032833773549112026
0.00031009675018605807
0.00031009675018605807
0.0002918557648809958
0.0002918557648809958
0.0002736147795759336
0.0002736147795759336
0.00025537379427087133
0.00025537379427087133
0.0002371328089658091
0.0002371328089658091
0.00021889182366074687
0.00021889182366074687
0.00021889182366074687
0.00021889182366074687
0.00021889182366074687
0.00021889182366074687
0.00021889182366074687
0.00020065083835568462
0.00020065083835568462
0.00020065083835568462
0.00020065083835568462
0.00018240985305062238
0.00015687247362353526
0.0001441037839099917
0.00014045558684897924
0.00012586279860492944
0.00012039050301341077
0.0001149182074218921
0.0001149182074218921
9.850132064733609e-05
9.120492652531119e-05
6.931574415923651e-05
6.931574415923651e-05
6.931574415923651e-05
6.201935003721161e-05
6.201935003721161e-05
6.201935003721161e-05
6.201935003721161e-05
6.201935003721161e-05
5.107475885417427e-05
4.742656179316182e-05
3.648197061012448e-05
2.736147795759336e-05
2.736147795759336e-05
2.5537379427087134e-05
1.1127001036087964e-05
6.176470588235294e-06
2.0065083835568464e-06
9.302902505581742e-07
9.705882352941177e-08
1.1491820742189211e-08
1.0294117647058823e-09
1.7352941176470588e-10
4.411764705882353e-13
3.2352941176470586e-13
1.588235294117647e-13
6.470588235294118e-14
5.88235294117647e-14
3.5294117647058826e-14
1.735294117647059e-14
2.7941176470588234e-15
2.8529411764705885e-16
8.529411764705883e-17
4.1176470588235297e-17
2.1764705882352942e-17
1.3235294117647058e-17
1.2941176470588235e-17
1.0588235294117648e-17
7.058823529411765e-18
7.058823529411765e-18
7.058823529411765e-18
2.9117647058823527e-18
1.5294117647058822e-18
4.411764705882353e-19
2.941176470588235e-19
2.941176470588235e-19
2.941176470588235e-19
2.2352941176470587e-19
2.0588235294117648e-19
2.0588235294117648e-19
2e-19
2e-19
1.7352941176470588e-19
1.1176470588235294e-19
1.1176470588235294e-19
1.1176470588235294e-19
9.705882352941177e-20
9.705882352941177e-20
8.529411764705883e-20
6.176470588235294e-20
6.176470588235294e-20
5.882352941176471e-20
5.882352941176471e-20
5.2941176470588234e-20
5.2941176470588234e-20
4.1176470588235294e-20
3.235294117647059e-20
3.235294117647059e-20
2.9411764705882355e-20
2.7941176470588234e-20
2.7941176470588234e-20
2.7941176470588234e-20
2.7941176470588234e-20
1.7647058823529412e-20
1.7058823529411764e-20
1.4999999999999998e-20
1.3235294117647058e-20
1.3235294117647058e-20
1.1764705882352942e-20
9.705882352941177e-21
8.529411764705882e-21
5.294117647058824e-21
4.411764705882353e-21
4.411764705882353e-21
4.11764705882353e-21
2.411764705882353e-21
2.2058823529411765e-21
1.911764705882353e-21
1.8823529411764705e-21
1.3529411764705881e-21
1.2941176470588234e-21
1.0588235294117648e-21
1.0588235294117648e-21
1.0000000000000001e-21
8.823529411764706e-22
8.823529411764706e-22
8.529411764705882e-22
8.235294117647059e-22
7.647058823529412e-22
5.8823529411764705e-22
5.588235294117647e-22
4.705882352941176e-22
3.823529411764706e-22
3.2352941176470586e-22
3.2352941176470586e-22
2.9411764705882352e-22
2.382352941176471e-22
2.352941176470588e-22
2.235294117647059e-22
2.0588235294117648e-22
2.0588235294117648e-22
1.8235294117647059e-22
1.7941176470588235e-22
1.7058823529411765e-22
1.6176470588235293e-22
1.6176470588235293e-22
1.0588235294117647e-22
9.411764705882353e-23
8.235294117647059e-23
7.941176470588235e-23
6.470588235294117e-23
4.9999999999999997e-23
4.9999999999999997e-23
4.4117647058823536e-23
4.1176470588235296e-23
4.1176470588235296e-23
3.5294117647058824e-23
3.5294117647058824e-23
2.941176470588235e-23
2.7941176470588235e-23
2.676470588235294e-23
2.2941176470588236e-23
2.2352941176470586e-23
1.9705882352941175e-23
1.9411764705882353e-23
1.8235294117647058e-23
1.676470588235294e-23
1.676470588235294e-23
1.588235294117647e-23
1.5e-23
1.323529411764706e-23
1.1764705882352941e-23
1.0588235294117647e-23
9.117647058823529e-24
8.529411764705883e-24
7.941176470588235e-24
7.941176470588235e-24
7.352941176470588e-24
7.352941176470588e-24
7.352941176470588e-24
6.764705882352942e-24
6.176470588235294e-24
5.8823529411764704e-24
5.5882352941176466e-24
5.5882352941176466e-24
5.2941176470588236e-24
4.705882352941177e-24
4.411764705882353e-24
3.5294117647058824e-24
3.5294117647058824e-24
3.5294117647058824e-24
2.7941176470588233e-24
2.7361477957593357e-24
1.7058823529411764e-24
1.7058823529411764e-24
1.6470588235294117e-24
1.352941176470588e-24
1.352941176470588e-24
1.352941176470588e-24
1.1764705882352942e-24
1.1764705882352942e-24
1.1764705882352942e-24
1.0588235294117647e-24
1e-24
9.705882352941177e-25
9.411764705882352e-25
9.11764705882353e-25
8.823529411764706e-25
6.76470588235294e-25
6.470588235294118e-25
6.470588235294118e-25
6.176470588235295e-25
6.176470588235295e-25
5.882352941176471e-25
5.882352941176471e-25
5.588235294117647e-25
5e-25
5e-25
4.705882352941176e-25
4.705882352941176e-25
4.411764705882353e-25
4.411764705882353e-25
4.411764705882353e-25
4.117647058823529e-25
4.117647058823529e-25
3.823529411764706e-25
3.5294117647058826e-25
3.5294117647058826e-25
2.9411764705882355e-25
2.9411764705882355e-25
2.2647058823529412e-25
2.0294117647058822e-25
2.0294117647058822e-25
1.911764705882353e-25
1.7352941176470587e-25
1.7352941176470587e-25
1.588235294117647e-25
1.3235294117647058e-25
1.264705882352941e-25
1.2058823529411766e-25
1.2058823529411766e-25
1.1176470588235294e-25
1.0294117647058823e-25
1e-25
9.117647058823529e-26
8.235294117647058e-26
7.352941176470589e-26
6.764705882352941e-26
6.764705882352941e-26
5.588235294117647e-26
5.294117647058823e-26
5e-26
4.411764705882353e-26
4.411764705882353e-26
4.117647058823529e-26
3.8235294117647057e-26
3.5294117647058825e-26
2.941176470588235e-26
2.852941176470588e-26
2.6764705882352943e-26
2.6176470588235297e-26
2.5e-26
2.323529411764706e-26
2.323529411764706e-26
1.7941176470588235e-26
1.735294117647059e-26
1.7058823529411763e-26
1.7058823529411763e-26
1.5294117647058824e-26
1.5294117647058824e-26
1.5294117647058824e-26
1.3235294117647058e-26
1.2941176470588235e-26
1.2647058823529412e-26
1.176470588235294e-26
1.1176470588235295e-26
1.1176470588235295e-26
1.088235294117647e-26
1.0294117647058822e-26
1e-26
9.705882352941176e-27
9.411764705882354e-27
9.411764705882354e-27
9.411764705882354e-27
8.823529411764706e-27
7.941176470588235e-27
7.352941176470587e-27
7.352941176470587e-27
6.764705882352941e-27
6.470588235294118e-27
5.88235294117647e-27
5.2941176470588234e-27
5.2941176470588234e-27
5.2941176470588234e-27
5e-27
5e-27
4.411764705882353e-27
4.411764705882353e-27
4.411764705882353e-27
4.411764705882353e-27
4.11764705882353e-27
3.823529411764706e-27
3.823529411764706e-27
3.823529411764706e-27
2.941176470588235e-27
2.941176470588235e-27
2.7058823529411762e-27
2.7058823529411762e-27
2.676470588235294e-27
2.676470588235294e-27
2.676470588235294e-27
2.5294117647058823e-27
2.411764705882353e-27
2.2352941176470588e-27
2.058823529411765e-27
2.058823529411765e-27
2.0294117647058823e-27
1.970588235294118e-27
1.8823529411764707e-27
1.8823529411764707e-27
1.764705882352941e-27
1.7352941176470588e-27
1.5882352941176472e-27
1.5e-27
1.4705882352941175e-27
1.3823529411764705e-27
1.3823529411764705e-27
1.2647058823529412e-27
1.1470588235294118e-27
1.1470588235294118e-27
1.0588235294117647e-27
1.0588235294117647e-27
1.0294117647058825e-27
9.11764705882353e-28
9.11764705882353e-28
7.352941176470587e-28
7.058823529411765e-28
7.058823529411765e-28
6.470588235294118e-28
5.588235294117647e-28
5.588235294117647e-28
5.588235294117647e-28
5.588235294117647e-28
5.294117647058824e-28
5.294117647058824e-28
5e-28
3.8235294117647058e-28
3.5294117647058824e-28
3.5294117647058824e-28
3.5294117647058824e-28
3.235294117647059e-28
3.235294117647059e-28
2.7941176470588235e-28
2.647058823529412e-28
2.6176470588235294e-28
2.2352941176470587e-28
2.2058823529411763e-28
2.088235294117647e-28
2.0588235294117646e-28
1.8529411764705885e-28
1.8529411764705885e-28
1.7941176470588236e-28
1.647058823529412e-28
1.411764705882353e-28
1.2221460154391699e-28
8.23529411764706e-29
8.23529411764706e-29
8.23529411764706e-29
7.352941176470589e-29
6.764705882352942e-29
6.764705882352942e-29
6.764705882352942e-29
6.470588235294118e-29
6.470588235294118e-29
5.0000000000000004e-29
5.0000000000000004e-29
5.0000000000000004e-29
4.11764705882353e-29
4.11764705882353e-29
4.11764705882353e-29
3.823529411764706e-29
2.9411764705882355e-29
2e-29
1.588235294117647e-29
1.3823529411764706e-29
1.2941176470588235e-29
4.411764705882353e-30
4.411764705882353e-30
2.4705882352941176e-30
1.5e-30
1.2941176470588235e-30
